
147 143 146 128 156 305 141 306
141 306 126 307 253 284 245 297
245 297 237 310 296 207 293 222
293 222 290 237 289 121 277 142
277 142 270 155 229 104 212 98
212 98 191 90 156 141 148 128
148 128 140 115 198 151 184 145
198 151 184 145 146 128 147 143
184 145 170 139 235 176 227 163
227 163 219 150 258 220 253 206
253 206 248 192 252 255 240 247
240 247 228 239 220 263 206 270
206 270 192 277 177 241 177 256
177 256 177 271 178 201 176 216
176 216 174 231 173 157 171 172
171 172 169 187 169 132 167 147
167 147 167 147 147 143 147 143
411 120 408 135 426 78 412 82
412 82 398 86 393 45 379 50
379 50 365 55 338 56 324 51
324 51 310 46 277 81 268 69
268 69 259 57 227 111 235 124
235 124 244 138 274 164 261 172
261 172 243 183 304 220 307 209
307 209 311 195 334 236 357 237
357 237 372 238 429 286 424 272
424 272 419 258 444 373 435 366
435 366 423 357 394 452 379 451
379 451 364 450 266 442 153 450
153 450 240 458 178 368 175 383
175 383 172 398 206 305 193 312
193 312 180 319 287 299 273 294
273 294 259 289 336 342 324 333
324 333 312 324 261 373 250 363
250 363 230 353 315 402 302 409
302 409 289 416 364 352 264 367
264 367 364 382 397 304 384 311
384 311 371 318 348 279 335 286
335 286 322 293 302 255 291 265
291 265 280 275 228 196 225 211
225 211 222 226 172 117 166 131
166 131 160 145 220 40 207 47
207 47 194 54 280 22 265 22
265 22 250 22 352 16 338 12 
338 12 324 8 415 32 406 20
406 20 397 8 447 82 446 67
446 67 445 52 460 146 452 133
452 133 444 120 438 179 423 178
423 178 408 177 380 170 368 179
368 179 356 188 325 141 316 153
316 153 307 165 314 110 301 117
301 117 288 124 330 67 358 97
358 97 374 69 350 113 409 128