65 65 70 55 80 375 68 366
68 366 40 344 211 320 206 334
206 334 201 348 251 235 237 241
237 241 221 248 251 121 241 132
241 132 231 143 184 64 177 58
177 58 155 37 83 71 66 65
66 65 15 47 128 111 114 106 
114 106 100 101 172 136 163 124
163 124 154 112 189 176 189 161
189 161 189 146 198 248 190 235
190 235 182 222 176 287 161 284
161 284 146 281 126 277 122 292 
122 292 118 307 110 226 109 241
109 241 108 256 104 94 103 109
522 79 517 83 484 126 497 127
497 127 512 128 550 107 564 93
564 93 575 82 515 40 502 33
502 33 489 26 438 74 437 59
437 59 436 44 402 155 392 144
392 144 382 133 434 199 424 188
424 188 414 177 492 219 501 231
501 231 506 238 488 318 475 311
475 311 462 304 431 310 421 321
421 321 411 332 400 282 394 296
394 296 388 310 430 266 436 251
436 251 442 237 402 282 371 251
371 251 354 234 362 333 353 321
353 321 344 309 411 379 396 378
396 378 381 377 486 365 474 374
474 374 462 383 544 310 541 325
541 325 538 340 564 270 562 285
562 285 560 300 568 215 559 227
559 227 559 154 499 160 459 160
459 160 443 160 458 86 519 82 