522 79 517 83 484 126 497 127
497 127 512 128 550 107 564 93
564 93 575 82 515 40 502 33
502 33 489 26 438 74 437 59
437 59 436 44 402 155 392 144
392 144 382 133 434 199 424 188
424 188 414 177 492 219 501 231
501 231 506 238 488 318 475 311
475 311 462 304 431 310 421 321
421 321 411 332 400 282 394 296
394 296 388 310 430 266 436 251
436 251 442 237 402 282 371 251
371 251 354 234 362 333 353 321
353 321 344 309 411 379 396 378
396 378 381 377 486 365 474 374
474 374 462 383 544 310 541 325
541 325 538 340 564 270 562 285
562 285 560 300 568 215 559 227
559 227 559 154 499 160 459 160
459 160 443 160 458 86 519 82